User: 127.0.0.1	Time: 2021-03-30 22:10:58.155071
User: 127.0.0.1	Time: 2021-03-30 22:11:01.861959
User: 127.0.0.1	Time: 2021-03-30 22:11:05.743934
